1,1,0
1,354,50
1,184,100
1,36,150
37,1,200
1,787,250
1,764,300
515,1,350
765,1,400
1,54,450
1,788,500
1,51,550
227,1,600
82,1,650
354,354,0
354,184,50
354,36,100
37,354,150
354,787,200
354,764,250
515,354,300
765,354,350
354,54,400
354,788,450
354,51,500
227,354,550
82,354,600
184,184,0
184,36,50
37,184,100
184,787,150
184,764,200
515,184,250
765,184,300
184,54,350
184,788,400
184,51,450
227,184,500
82,184,550
36,36,0
37,36,50
36,787,100
36,764,150
515,36,200
765,36,250
36,54,300
36,788,350
36,51,400
227,36,450
82,36,500
37,37,0
787,37,50
764,37,100
515,37,150
765,37,200
54,37,250
788,37,300
51,37,350
227,37,400
82,37,450
787,787,0
764,787,50
515,787,100
765,787,150
787,54,200
787,788,250
787,51,300
227,787,350
82,787,400
764,764,0
515,764,50
765,764,100
764,54,150
764,788,200
764,51,250
227,764,300
82,764,350
515,515,0
515,765,50
515,54,50
515,788,100
515,51,150
227,515,250
82,515,300
765,765,0
765,54,50
765,788,100
765,51,150
227,765,200
82,765,250
54,54,0
54,788,50
54,51,100
227,54,150
82,54,200
788,788,0
788,51,50
227,788,100
82,788,150
51,51,0
227,51,50
82,51,100
227,227,0
82,227,50
82,82,0
47,47,0
1,47,50
258,47,50
808,47,100
296,47,100
209,47,150
809,47,200
264,47,250
810,47,300
258,258,0
808,258,50
296,258,50
209,258,100
809,258,150
264,258,200
810,258,200
1,258,300
808,808,0
296,808,50
209,808,100
809,808,150
264,808,200
810,808,250
1,808,300
296,296,0
209,296,50
809,296,100
264,296,150
810,296,150
1,296,250
209,209,0
809,209,50
264,209,100
810,209,100
1,209,200
809,809,0
264,809,50
810,809,50
1,809,150
264,264,0
810,264,50
1,264,100
810,810,0
1,810,50
1,757,50
1,758,100
34,1,150
759,1,100
760,1,250
1,60,300
767,1,350
226,1,200
102,1,250
242,1,400
76,1,450
79,1,600
5,1,500
4,1,550
35,1,600
48,1,800
2,1,850
118,1,900
90,1,950
606,1,1000
583,1,1050
768,1,1100
769,1,1150
757,757,0
757,758,50
34,757,100
759,757,50
760,757,200
757,60,250
767,757,300
226,757,150
102,757,200
242,757,350
76,757,400
79,757,550
5,757,450
4,757,500
35,757,550
48,757,750
2,757,800
118,757,850
90,757,900
606,757,950
583,757,1000
768,757,1050
769,757,1100
758,758,0
34,758,50
759,758,50
760,758,150
758,60,200
767,758,250
226,758,150
102,758,250
242,758,300
76,758,350
79,758,500
5,758,400
4,758,450
35,758,500
48,758,700
2,758,750
118,758,800
90,758,850
606,758,900
583,758,950
768,758,1000
769,758,1050
34,34,0
34,759,50
760,34,100
34,60,150
767,34,200
226,34,200
102,34,300
242,34,350
76,34,400
79,34,450
5,34,500
4,34,550
35,34,600
48,34,650
2,34,700
118,34,750
90,34,800
606,34,850
583,34,900
768,34,950
769,34,1000
759,759,0
760,759,50
759,60,100
767,759,150
226,759,100
102,759,150
242,759,250
76,759,300
79,759,400
5,759,350
4,759,400
35,759,450
48,759,600
2,759,650
118,759,700
90,759,750
606,759,800
583,759,850
768,759,900
769,759,950
760,760,0
760,60,50
767,760,100
226,760,150
102,760,200
242,760,250
76,760,300
79,760,350
5,760,400
4,760,450
35,760,500
48,760,550
2,760,600
118,760,650
90,760,700
606,760,750
583,760,800
768,760,850
769,760,900
60,60,0
767,60,50
226,60,100
102,60,150
242,60,200
76,60,250
79,60,300
5,60,350
4,60,400
35,60,450
48,60,500
2,60,550
118,60,600
90,60,650
606,60,700
583,60,750
768,60,800
769,60,850
767,767,0
226,767,50
102,767,100
242,767,150
76,767,200
79,767,250
5,767,300
4,767,350
35,767,400
48,767,450
2,767,500
118,767,550
90,767,600
606,767,650
583,767,700
768,767,750
769,767,800
226,226,0
102,226,50
242,226,100
76,226,150
79,226,200
5,226,200
4,226,250
35,226,300
48,226,400
2,226,450
118,226,500
90,226,550
606,226,600
583,226,650
768,226,700
769,226,750
102,102,0
242,102,50
76,102,100
79,102,150
5,102,150
4,102,200
35,102,250
48,102,350
2,102,350
118,102,450
90,102,500
606,102,550
583,102,600
768,102,650
769,102,700
242,242,0
76,242,50
79,242,100
5,242,100
4,242,150
35,242,200
48,242,300
2,242,300
118,242,400
90,242,450
606,242,500
583,242,550
768,242,600
769,242,650
76,76,0
79,76,50
5,76,50
4,76,100
35,76,150
48,76,250
2,76,250
118,76,350
90,76,400
606,76,450
583,76,500
768,76,550
769,76,600
79,79,0
5,79,50
4,79,100
35,79,150
48,79,200
2,79,200
118,79,300
90,79,350
606,79,400
583,79,450
768,79,500
769,79,550
5,5,0
4,5,50
35,5,100
48,5,150
2,5,150
118,5,250
90,5,300
606,5,350
583,5,400
768,5,450
769,5,500
4,4,0
35,4,50
48,4,100
2,4,100
118,4,200
90,4,250
606,4,300
583,4,350
768,4,400
769,4,450
35,35,0
48,35,50
2,35,50
118,35,150
90,35,200
606,35,250
583,35,300
768,35,350
769,35,400
48,48,0
2,48,50
118,48,100
90,48,150
606,48,200
583,48,250
768,48,300
769,48,350
2,2,0
118,2,50
90,2,100
606,2,150
583,2,200
768,2,250
769,2,300
118,118,0
90,118,50
606,118,100
583,118,150
768,118,200
769,118,250
90,90,0
606,90,50
583,90,100
768,90,150
769,90,200
606,606,0
583,606,50
768,606,100
769,606,150
583,583,0
768,583,50
769,583,100
768,768,0
769,768,50
769,769,0
811,1,100
75,1,150
812,1,250
813,1,250
814,1,350
815,1,400
816,1,450
811,757,50
75,757,100
812,757,200
813,757,200
814,757,300
815,757,350
816,757,400
811,758,50
75,758,100
812,758,150
813,758,200
814,758,250
815,758,300
816,758,350
811,811,0
75,811,50
812,811,100
813,811,150
814,811,200
815,811,250
816,811,300
75,75,0
812,75,50
813,75,100
814,75,150
815,75,200
816,75,250
812,812,0
813,812,50
814,812,100
815,812,150
816,812,200
813,813,0
814,813,50
815,813,100
816,813,150
814,814,0
815,814,50
816,814,100
815,815,0
816,815,50
816,816,0
817,1,100
818,1,250
177,1,200
180,1,250
819,1,300
290,1,350
820,1,400
83,1,450
810,757,50
264,757,100
817,757,50
818,757,200
177,757,150
180,757,200
819,757,250
290,757,300
820,757,350
83,757,400
817,810,100
818,810,150
177,810,50
180,810,100
819,810,150
290,810,250
820,810,350
83,810,400
817,264,50
818,264,100
177,264,150
180,264,200
819,264,250
290,264,300
820,264,350
83,264,400
817,817,0
818,817,50
177,817,100
180,817,150
819,817,200
290,817,250
820,817,300
83,817,350
818,818,0
177,818,50
180,818,100
819,818,150
290,818,200
820,818,250
83,818,300
177,177,0
180,177,50
819,177,100
290,177,150
820,177,200
83,177,250
180,180,0
819,180,50
290,180,100
820,180,150
83,180,200
819,819,0
290,819,50
820,819,100
83,819,150
290,290,0
820,290,50
83,290,100
820,820,0
83,820,50
83,83,0
332,332,0
821,332,50
822,332,100
823,332,150
824,332,200
825,332,250
296,332,300
209,332,350
826,332,400
809,332,450
264,332,500
178,332,550
244,332,600
757,332,650
1,332,700
821,821,0
822,821,50
823,821,100
824,821,150
825,821,200
296,821,250
209,821,300
826,821,350
809,821,400
264,821,450
178,821,500
244,821,550
757,821,600
1,821,650
822,822,0
823,822,50
824,822,100
825,822,150
296,822,200
209,822,250
826,822,300
809,822,350
264,822,400
178,822,450
244,822,500
757,822,550
1,822,600
823,823,0
824,823,50
825,823,100
296,823,150
209,823,200
826,823,250
809,823,300
264,823,350
178,823,400
244,823,450
757,823,500
1,823,550
824,824,0
825,824,50
296,824,100
209,824,150
826,824,200
809,824,250
264,824,300
178,824,350
244,824,400
757,824,450
1,824,500
825,825,0
296,825,50
209,825,100
826,825,150
809,825,200
264,825,250
178,825,300
244,825,350
757,825,400
1,825,450
826,296,100
178,296,250
244,296,300
757,296,350
826,209,50
178,209,200
244,209,250
757,209,300
826,826,0
809,826,50
264,826,100
178,826,150
244,826,200
757,826,250
1,826,300
178,809,100
244,809,150
757,809,200
178,264,50
244,264,100
178,178,0
244,178,50
178,757,50
178,1,100
244,244,0
244,757,50
1,244,50
10,102,50
771,102,100
797,102,150
766,102,150
105,102,200
772,102,250
773,102,300
387,102,350
1001,102,400
40,102,450
584,102,550
798,102,600
1002,102,650
41,102,700
800,102,750
42,102,800
43,102,850
10,10,0
771,10,50
797,10,100
766,10,100
105,10,150
772,10,200
773,10,250
387,10,300
1001,10,350
40,10,400
584,10,500
798,10,550
1002,10,600
41,10,650
800,10,700
42,10,750
43,10,800
771,771,0
797,771,50
766,771,50
105,771,100
772,771,150
773,771,200
387,771,250
1001,771,300
40,771,350
584,771,450
798,771,500
1002,771,550
41,771,600
800,771,650
42,771,700
43,771,750
797,797,0
766,797,50
105,797,100
772,797,150
773,797,200
387,797,250
1001,797,300
40,797,350
584,797,400
798,797,450
1002,797,500
41,797,550
800,797,600
42,797,650
43,797,700
766,766,0
105,766,50
772,766,100
773,766,150
387,766,200
1001,766,250
40,766,300
584,766,350
798,766,400
1002,766,450
41,766,500
800,766,550
42,766,600
43,766,650
105,105,0
772,105,50
773,105,100
387,105,150
1001,105,200
40,105,250
584,105,300
798,105,350
1002,105,400
41,105,450
800,105,500
42,105,550
43,105,600
772,772,0
773,772,50
387,772,100
1001,772,150
40,772,200
584,772,250
798,772,300
1002,772,350
41,772,400
800,772,450
42,772,500
43,772,550
773,773,0
387,773,50
1001,773,100
40,773,150
584,773,200
798,773,250
1002,773,300
41,773,350
800,773,400
42,773,450
43,773,500
387,387,0
1001,387,50
40,387,100
584,387,150
798,387,200
1002,387,250
41,387,300
800,387,350
42,387,400
43,387,450
1001,1001,0
40,1001,50
584,1001,100
798,1001,150
1002,1001,200
41,1001,250
800,1001,300
42,1001,350
43,1001,400
40,40,0
584,40,50
798,40,100
1002,40,150
41,40,200
800,40,250
42,40,300
43,40,350
584,584,0
798,584,50
1002,584,100
41,584,150
800,584,200
42,584,250
43,584,300
798,798,0
1002,798,50
41,798,100
800,798,150
42,798,200
43,798,250
1002,1002,0
41,1002,50
800,1002,100
42,1002,150
43,1002,200
41,41,0
800,41,50
42,41,100
43,41,150
800,800,0
42,800,50
43,800,100
42,42,0
43,42,50
43,43,0
827,1,250
828,1,150
829,1,350
830,1,450
827,757,200
828,757,100
829,757,300
830,757,400
817,178,100
827,178,150
828,178,200
829,178,250
818,178,300
830,178,350
177,178,400
180,178,450
819,178,500
290,178,550
820,178,600
83,178,650
827,264,100
828,264,150
829,264,200
830,264,300
827,817,50
828,817,50
829,817,150
830,817,250
827,827,0
828,827,50
829,827,100
818,827,150
830,827,200
177,827,250
180,827,300
819,827,350
290,827,400
820,827,450
83,827,500
828,828,0
829,828,50
818,828,50
830,828,150
177,828,50
180,828,100
819,828,200
290,828,200
820,828,250
83,828,300
829,829,0
818,829,50
830,829,100
177,829,150
180,829,200
819,829,250
290,829,300
820,829,350
83,829,400
830,818,50
830,830,0
177,830,50
180,830,100
819,830,150
290,830,200
820,830,250
83,830,300
831,47,100
826,47,250
828,47,350
818,47,400
177,47,250
180,47,300
819,47,550
832,47,350
290,47,400
833,47,700
820,47,450
83,47,500
831,258,50
826,258,200
828,258,300
818,258,350
177,258,200
180,258,250
819,258,500
832,258,300
290,258,350
833,258,650
820,258,400
83,258,450
831,831,0
296,831,50
209,831,100
826,831,150
809,831,200
828,831,250
818,831,300
177,831,350
180,831,400
819,831,450
832,831,500
290,831,550
833,831,600
820,831,650
83,831,700
828,296,200
818,296,250
177,296,150
180,296,200
819,296,400
832,296,250
290,296,300
833,296,550
820,296,350
83,296,400
828,209,150
818,209,200
177,209,100
180,209,150
819,209,350
832,209,200
290,209,250
833,209,500
820,209,300
83,209,350
828,826,100
818,826,150
177,826,200
180,826,250
819,826,300
832,826,350
290,826,400
833,826,450
820,826,500
83,826,550
828,809,50
818,809,100
177,809,50
180,809,100
819,809,250
832,809,150
290,809,200
833,809,400
820,809,250
83,809,300
832,828,150
833,828,350
832,818,200
833,818,300
832,177,100
833,177,250
832,180,50
833,180,200
832,819,50
833,819,150
832,832,0
290,832,50
833,832,100
820,832,100
83,832,150
833,290,50
833,833,0
820,833,50
83,833,100
412,47,50
178,47,450
244,47,550
412,412,0
258,412,50
831,412,100
296,412,150
209,412,200
826,412,250
809,412,300
264,412,350
178,412,400
810,412,450
244,412,500
1,412,550
178,258,350
244,258,450
264,831,250
178,831,300
810,831,350
244,831,400
1,831,450
810,826,200
810,178,50
810,244,50
834,47,100
835,47,250
836,47,300
837,47,350
838,47,400
839,47,450
589,47,500
834,258,50
835,258,200
836,258,250
837,258,300
838,258,350
839,258,400
589,258,450
834,834,0
831,834,50
296,834,100
835,834,150
836,834,200
837,834,250
838,834,300
839,834,350
589,834,400
835,831,100
836,831,150
837,831,200
838,831,250
839,831,300
589,831,350
835,296,50
836,296,100
837,296,150
838,296,200
839,296,250
589,296,300
835,835,0
836,835,50
837,835,100
838,835,150
839,835,200
589,835,250
836,836,0
837,836,50
838,836,100
839,836,150
589,836,200
837,837,0
838,837,50
839,837,100
589,837,150
838,838,0
839,838,50
589,838,100
839,839,0
589,839,50
589,589,0
874,1,200
1003,1,300
840,1,350
841,1,400
874,757,150
1003,757,250
840,757,300
841,757,350
874,811,100
1003,811,200
840,811,250
841,811,300
874,75,50
1003,75,150
840,75,200
841,75,250
874,874,0
813,874,50
1003,874,100
840,874,150
841,874,200
1003,813,50
840,813,50
841,813,100
1003,1003,0
840,1003,50
841,1003,100
840,840,0
841,840,50
841,841,0
842,1,200
843,1,250
844,1,300
845,1,350
846,1,400
26,1,450
842,757,150
843,757,200
844,757,250
845,757,300
846,757,350
26,757,400
842,244,100
843,244,150
844,244,200
845,244,250
846,244,300
26,244,350
842,810,50
843,810,100
844,810,50
845,810,200
846,810,250
26,810,100
842,842,0
843,842,50
844,842,100
845,842,150
846,842,200
26,842,250
843,843,0
844,843,50
845,843,100
846,843,150
26,843,200
844,844,0
845,844,50
846,844,100
26,844,50
845,845,0
846,845,50
26,845,100
846,846,0
26,846,50
26,26,0
832,1,300
833,1,450
832,757,250
833,757,400
177,244,100
180,244,150
819,244,200
832,244,250
290,244,300
833,244,350
820,244,400
83,244,450
832,810,200
833,810,300
847,1,300
847,757,250
847,758,200
847,811,150
847,75,100
847,812,50
847,847,0
813,847,50
814,847,100
815,847,150
816,847,200
858,1,150
858,757,100
858,758,50
874,758,200
840,758,350
841,758,400
858,858,0
811,858,50
75,858,100
874,858,150
812,858,200
813,858,250
840,858,300
841,858,350
812,874,50
840,812,100
841,812,150
849,1,150
849,757,100
849,244,50
849,849,0
810,849,50
842,849,100
843,849,150
844,849,200
845,849,250
846,849,300
26,849,350
1,761,350
777,1,400
10,1,350
771,1,400
766,1,450
105,1,500
772,1,550
773,1,600
387,1,650
1001,1,900
40,1,950
757,761,300
777,757,350
10,757,300
771,757,350
766,757,400
105,757,450
772,757,500
773,757,550
387,757,600
1001,757,850
40,757,900
758,761,250
777,758,300
10,758,450
771,758,500
766,758,550
105,758,600
772,758,650
773,758,700
387,758,750
1001,758,800
40,758,850
34,761,200
777,34,250
10,34,400
771,34,450
766,34,500
105,34,550
772,34,600
773,34,650
387,34,700
1001,34,750
40,34,800
759,761,150
777,759,200
10,759,250
771,759,300
766,759,350
105,759,400
772,759,450
773,759,500
387,759,550
1001,759,700
40,759,750
760,761,100
777,760,150
10,760,300
771,760,350
766,760,400
105,760,450
772,760,500
773,760,550
387,760,600
1001,760,650
40,760,700
761,60,50
777,60,100
10,60,250
771,60,300
766,60,350
105,60,400
772,60,450
773,60,500
387,60,550
1001,60,600
40,60,650
761,761,0
777,761,50
226,761,100
102,761,150
10,761,200
771,761,250
766,761,300
105,761,350
772,761,400
773,761,450
387,761,500
1001,761,550
40,761,600
777,777,0
226,777,50
102,777,100
10,777,150
771,777,200
766,777,250
105,777,300
772,777,350
773,777,400
387,777,450
1001,777,500
40,777,550
10,226,100
771,226,150
766,226,200
105,226,250
772,226,300
773,226,350
387,226,400
1001,226,450
40,226,500
774,1,250
429,1,150
762,1,300
774,757,200
429,757,100
762,757,250
774,758,150
429,758,200
762,758,200
774,34,100
429,34,150
762,34,250
774,759,50
429,759,50
762,759,150
774,774,0
429,774,50
226,774,100
762,774,150
102,774,200
242,774,250
76,774,300
79,774,350
5,774,400
4,774,450
35,774,500
48,774,550
2,774,600
118,774,650
90,774,700
606,774,750
583,774,800
768,774,850
769,774,900
429,429,0
226,429,50
762,429,100
102,429,100
242,429,200
76,429,250
79,429,300
5,429,350
4,429,400
35,429,450
48,429,500
2,429,550
118,429,600
90,429,650
606,429,700
583,429,750
768,429,800
769,429,850
762,226,50
762,762,0
102,762,50
242,762,100
76,762,150
79,762,200
5,762,200
4,762,250
35,762,300
48,762,400
2,762,400
118,762,500
90,762,550
606,762,600
583,762,650
768,762,700
769,762,750
770,102,50
878,102,300
7,102,500
523,102,600
49,102,650
877,102,950
770,770,0
10,770,50
771,770,100
797,770,150
766,770,150
878,770,250
105,770,200
772,770,250
773,770,300
387,770,350
7,770,450
523,770,550
49,770,600
35,770,650
48,770,700
2,770,750
118,770,800
90,770,850
877,770,900
606,770,950
583,770,1000
768,770,1050
769,770,1100
878,10,200
7,10,400
523,10,500
49,10,550
35,10,600
48,10,650
2,10,700
118,10,750
90,10,800
877,10,850
606,10,900
583,10,950
768,10,1000
769,10,1050
878,771,150
7,771,350
523,771,450
49,771,500
35,771,550
48,771,600
2,771,650
118,771,700
90,771,750
877,771,800
606,771,850
583,771,900
768,771,950
769,771,1000
878,797,100
7,797,350
523,797,400
49,797,450
35,797,500
48,797,550
2,797,600
118,797,650
90,797,700
877,797,750
606,797,800
583,797,850
768,797,900
769,797,950
878,766,50
7,766,300
523,766,350
49,766,400
35,766,450
48,766,500
2,766,550
118,766,600
90,766,650
877,766,700
606,766,750
583,766,800
768,766,850
769,766,900
878,878,0
105,878,50
772,878,100
773,878,150
387,878,200
7,878,250
523,878,300
49,878,350
35,878,400
48,878,450
2,878,500
118,878,550
90,878,600
877,878,650
606,878,700
583,878,750
768,878,800
769,878,850
7,105,200
523,105,250
49,105,300
35,105,350
48,105,400
2,105,450
118,105,500
90,105,550
877,105,600
606,105,650
583,105,700
768,105,750
769,105,800
7,772,150
523,772,200
49,772,250
35,772,300
48,772,350
2,772,400
118,772,450
90,772,500
877,772,550
606,772,600
583,772,650
768,772,700
769,772,750
7,773,100
523,773,150
49,773,200
35,773,250
48,773,300
2,773,350
118,773,400
90,773,450
877,773,500
606,773,550
583,773,600
768,773,650
769,773,700
7,387,50
523,387,100
49,387,150
35,387,200
48,387,250
2,387,300
118,387,350
90,387,400
877,387,450
606,387,500
583,387,550
768,387,600
769,387,650
7,7,0
523,7,50
49,7,100
35,7,150
48,7,200
2,7,250
118,7,300
90,7,350
877,7,400
606,7,450
583,7,500
768,7,550
769,7,600
523,523,0
49,523,50
35,523,100
48,523,150
2,523,200
118,523,250
90,523,300
877,523,350
606,523,400
583,523,450
768,523,500
769,523,550
49,49,0
35,49,50
48,49,100
2,49,150
118,49,200
90,49,250
877,49,300
606,49,350
583,49,400
768,49,450
769,49,500
877,35,250
877,48,200
877,2,150
877,118,100
877,90,50
877,877,0
606,877,50
583,877,100
768,877,150
769,877,200
770,1,300
13,1,700
7,1,750
770,757,250
13,757,650
7,757,700
770,759,200
13,759,600
7,759,650
770,429,150
10,429,200
771,429,250
766,429,300
105,429,350
772,429,400
773,429,450
387,429,500
13,429,550
7,429,600
770,226,100
13,226,500
7,226,550
13,102,450
13,770,400
13,10,350
13,771,300
13,766,250
13,105,200
13,772,150
13,773,100
13,387,50
13,13,0
7,13,50
832,817,200
853,1,200
854,1,250
485,1,300
857,1,400
652,1,450
853,757,150
854,757,200
485,757,250
857,757,350
652,757,400
853,758,150
854,758,200
485,758,250
857,758,300
652,758,350
853,811,100
854,811,150
485,811,200
857,811,250
652,811,300
853,75,50
854,75,100
485,75,150
857,75,200
652,75,250
853,853,0
854,853,50
485,853,100
857,853,150
652,853,200
854,854,0
485,854,50
857,854,100
652,854,150
485,485,0
857,485,50
652,485,100
857,857,0
652,857,50
652,652,0
311,47,50
844,47,350
26,47,400
864,47,450
853,47,500
75,47,550
812,47,600
813,47,650
311,311,0
258,311,50
296,311,100
209,311,150
809,311,200
810,311,250
844,311,300
26,311,350
864,311,400
853,311,450
75,311,500
812,311,550
813,311,600
844,258,250
26,258,300
864,258,350
853,258,400
75,258,450
812,258,500
813,258,550
844,296,200
26,296,250
864,296,300
853,296,350
75,296,400
812,296,450
813,296,500
844,209,150
26,209,200
864,209,250
853,209,300
75,209,350
812,209,400
813,209,450
844,809,100
26,809,150
864,809,200
853,809,250
75,809,300
812,809,350
813,809,400
864,810,150
853,810,200
75,810,250
812,810,300
813,810,350
864,844,100
853,844,150
75,844,200
812,844,250
813,844,300
864,26,50
853,26,100
75,26,150
812,26,200
813,26,250
864,864,0
853,864,50
75,864,100
812,864,150
813,864,200
812,853,100
813,853,150
855,1,350
855,757,300
855,811,250
855,75,200
855,853,150
855,854,100
855,485,50
855,855,0
857,855,50
652,855,100
174,174,0
233,174,50
51,174,100
788,174,150
54,174,200
801,174,250
765,174,250
515,174,300
592,174,350
764,174,400
786,174,450
239,174,450
304,174,500
72,174,550
777,174,700
763,174,750
112,174,800
233,233,0
51,233,50
788,233,100
54,233,150
801,233,200
765,233,200
515,233,200
592,233,250
764,233,300
786,233,400
239,233,400
304,233,450
72,233,450
777,233,650
763,233,700
112,233,750
801,51,150
592,51,200
786,51,350
239,51,350
304,51,400
72,51,400
777,51,600
763,51,650
112,51,700
801,788,100
592,788,150
786,788,300
239,788,300
304,788,350
72,788,350
777,788,550
763,788,600
112,788,650
801,54,50
592,54,100
786,54,250
239,54,250
304,54,300
72,54,300
777,54,500
763,54,550
112,54,600
801,801,0
765,801,50
515,801,100
592,801,150
764,801,200
786,801,250
239,801,300
304,801,350
72,801,400
777,801,450
763,801,500
112,801,550
592,765,100
786,765,200
239,765,200
304,765,250
72,765,250
777,765,400
763,765,450
112,765,500
592,515,50
786,515,150
239,515,150
304,515,200
72,515,200
777,515,350
763,515,400
112,515,450
592,592,0
764,592,50
786,592,100
239,592,100
304,592,150
72,592,150
777,592,300
763,592,350
112,592,400
786,764,50
239,764,50
304,764,100
72,764,100
777,764,250
763,764,300
112,764,150
786,786,0
239,786,50
304,786,100
72,786,100
777,786,200
763,786,250
112,786,200
239,239,0
304,239,50
72,239,50
777,239,150
763,239,200
112,239,100
304,304,0
72,304,50
777,304,100
763,304,150
112,304,100
72,72,0
777,72,50
763,72,100
112,72,50
763,777,50
112,777,100
763,763,0
112,763,50
112,112,0
362,174,50
787,174,450
38,174,500
36,174,550
184,174,600
354,174,650
1,174,700
362,362,0
233,362,50
51,362,100
788,362,150
54,362,200
515,362,250
592,362,300
764,362,350
787,362,400
38,362,450
36,362,500
184,362,550
354,362,600
1,362,650
787,233,350
38,233,400
36,233,450
184,233,500
354,233,550
1,233,600
38,51,350
38,788,300
38,54,250
38,515,200
787,592,100
38,592,150
36,592,200
184,592,250
354,592,300
1,592,350
38,764,100
38,787,50
38,38,0
36,38,50
184,38,100
354,38,150
1,38,200
226,174,600
762,174,650
102,174,650
242,174,700
76,174,750
5,174,800
4,174,850
35,174,900
8,174,950
19,174,1000
20,174,1050
21,174,1100
226,233,500
762,233,600
102,233,550
242,233,600
76,233,650
5,233,700
4,233,750
35,233,800
8,233,850
19,233,900
20,233,950
21,233,1000
226,51,450
762,51,550
102,51,500
242,51,550
76,51,600
5,51,650
4,51,700
35,51,750
8,51,800
19,51,850
20,51,900
21,51,950
226,788,400
762,788,500
102,788,450
242,788,500
76,788,550
5,788,600
4,788,650
35,788,700
8,788,750
19,788,800
20,788,850
21,788,900
226,54,350
762,54,450
102,54,400
242,54,450
76,54,500
5,54,550
4,54,600
35,54,650
8,54,700
19,54,750
20,54,800
21,54,850
226,765,300
762,765,400
102,765,350
242,765,400
76,765,450
5,765,500
4,765,550
35,765,600
8,765,650
19,765,700
20,765,750
21,765,800
226,515,250
762,515,350
102,515,300
242,515,350
76,515,400
5,515,450
4,515,500
35,515,550
8,515,600
19,515,650
20,515,700
21,515,750
226,592,200
762,592,300
102,592,250
242,592,300
76,592,350
5,592,400
4,592,450
35,592,500
8,592,550
19,592,600
20,592,650
21,592,700
226,764,150
762,764,250
102,764,200
242,764,250
76,764,300
5,764,350
4,764,400
35,764,450
8,764,500
19,764,550
20,764,600
21,764,650
226,239,100
762,239,200
102,239,150
242,239,200
76,239,250
5,239,300
4,239,350
35,239,400
8,239,450
19,239,500
20,239,550
21,239,600
226,304,100
762,304,150
102,304,200
242,304,250
76,304,300
5,304,350
4,304,400
35,304,450
8,304,500
19,304,550
20,304,600
21,304,650
226,72,50
762,72,100
102,72,100
242,72,150
76,72,200
5,72,250
4,72,300
35,72,350
8,72,400
19,72,450
20,72,500
21,72,550
8,226,350
19,226,400
20,226,450
21,226,500
8,762,350
19,762,400
20,762,450
21,762,500
8,102,300
19,102,350
20,102,400
21,102,450
8,242,250
19,242,300
20,242,350
21,242,400
8,76,200
19,76,250
20,76,300
21,76,350
8,5,150
19,5,200
20,5,250
21,5,300
8,4,100
19,4,150
20,4,200
21,4,250
8,35,50
19,35,100
20,35,150
21,35,200
8,8,0
19,8,50
20,8,100
21,8,150
19,19,0
20,19,50
21,19,100
20,20,0
21,20,50
21,21,0
226,112,100
762,112,150
102,112,200
242,112,250
76,112,300
79,112,350
5,112,400
4,112,450
35,112,500
2,112,550
8,112,600
19,112,650
20,112,700
21,112,750
226,763,50
762,763,100
102,763,150
242,763,200
76,763,250
79,763,300
5,763,350
4,763,400
35,763,450
2,763,500
8,763,550
19,763,600
20,763,650
21,763,700
8,79,250
19,79,300
20,79,350
21,79,400
8,2,50
19,2,100
20,2,150
21,2,200
778,112,150
604,112,350
80,112,500
778,763,100
604,763,300
80,763,450
778,226,50
604,226,250
80,226,400
778,778,0
762,778,50
102,778,100
242,778,150
604,778,200
76,778,250
79,778,300
80,778,350
5,778,400
4,778,450
35,778,500
8,778,550
19,778,600
20,778,650
21,778,700
604,762,150
80,762,300
604,102,100
80,102,250
604,242,50
80,242,200
604,604,0
76,604,50
79,604,100
80,604,150
5,604,200
4,604,250
35,604,300
8,604,350
19,604,400
20,604,450
21,604,500
80,76,100
80,79,50
80,80,0
5,80,50
4,80,100
35,80,150
8,80,200
19,80,250
20,80,300
21,80,350
765,362,250
239,362,450
72,362,500
226,362,550
102,362,600
242,362,650
76,362,700
5,362,750
4,362,800
35,362,850
8,362,900
19,362,950
20,362,1000
21,362,1050
749,1,150
763,1,500
112,1,600
749,757,100
763,757,450
112,757,550
749,758,50
763,758,400
112,758,500
749,749,0
34,749,50
759,749,100
760,749,150
774,749,200
60,749,250
761,749,300
429,749,350
767,749,400
763,749,450
112,749,500
763,34,350
112,34,450
763,759,300
112,759,400
760,774,50
760,429,150
763,760,250
112,760,350
60,774,50
761,774,100
767,774,200
763,774,250
112,774,300
429,60,100
763,60,200
112,60,250
429,761,50
767,761,100
763,761,150
112,761,200
767,429,50
763,429,100
112,429,150
763,767,50
112,767,100
1004,1,50
1006,1,100
1005,1,150
783,1,250
566,1,300
200,1,400
784,1,450
785,1,550
39,1,700
1,786,550
1,239,500
304,1,950
1,72,450
1004,1004,0
1006,1004,50
1005,1004,100
354,1004,150
783,1004,200
566,1004,250
184,1004,300
200,1004,350
784,1004,400
36,1004,450
785,1004,500
38,1004,550
37,1004,600
39,1004,650
787,1004,700
764,1004,750
786,1004,800
239,1004,850
304,1004,900
72,1004,950
112,1004,1000
1006,1006,0
1005,1006,50
354,1006,100
783,1006,150
566,1006,200
184,1006,250
200,1006,300
784,1006,350
36,1006,400
785,1006,450
38,1006,500
37,1006,550
39,1006,600
787,1006,650
764,1006,700
786,1006,750
239,1006,800
304,1006,850
72,1006,900
112,1006,950
1005,1005,0
354,1005,50
783,1005,100
566,1005,150
184,1005,200
200,1005,250
784,1005,300
36,1005,350
785,1005,400
38,1005,450
37,1005,500
39,1005,550
787,1005,600
764,1005,650
786,1005,700
239,1005,750
304,1005,800
72,1005,850
112,1005,900
783,354,50
566,354,100
200,354,200
784,354,250
785,354,350
39,354,500
786,354,650
239,354,700
304,354,750
72,354,800
112,354,850
783,783,0
566,783,50
184,783,100
200,783,150
784,783,200
36,783,250
785,783,300
38,783,350
37,783,400
39,783,450
787,783,500
764,783,550
786,783,600
239,783,650
304,783,700
72,783,750
112,783,800
566,566,0
184,566,50
200,566,100
784,566,150
36,566,200
785,566,250
38,566,300
37,566,350
39,566,400
787,566,450
764,566,500
786,566,550
239,566,600
304,566,650
72,566,700
112,566,750
200,184,50
784,184,100
785,184,200
39,184,350
786,184,500
239,184,550
304,184,600
72,184,650
112,184,700
200,200,0
784,200,50
36,200,100
785,200,150
38,200,200
37,200,250
39,200,300
787,200,350
764,200,400
786,200,450
239,200,500
304,200,550
72,200,600
112,200,650
784,784,0
36,784,50
785,784,100
38,784,150
37,784,200
39,784,250
787,784,300
764,784,350
786,784,400
239,784,450
304,784,500
72,784,550
112,784,600
785,36,50
39,36,200
786,36,350
239,36,400
304,36,450
72,36,500
112,36,550
785,785,0
38,785,50
37,785,100
39,785,150
787,785,200
764,785,250
786,785,300
239,785,300
304,785,400
72,785,350
112,785,400
37,38,50
39,38,100
786,38,250
239,38,250
304,38,350
72,38,300
112,38,350
39,37,50
786,37,200
239,37,200
304,37,300
72,37,250
112,37,300
39,39,0
787,39,50
764,39,100
786,39,150
239,39,150
304,39,250
72,39,200
112,39,250
786,787,100
239,787,100
304,787,200
72,787,150
112,787,200
776,1,550
776,757,500
776,758,450
776,34,400
776,759,350
776,760,300
776,60,250
776,761,200
776,429,150
776,767,100
776,763,50
776,776,0
112,776,50
429,174,600
761,174,650
60,174,700
760,174,750
759,174,800
34,174,850
758,174,900
757,174,950
429,233,550
761,233,600
60,233,650
760,233,700
759,233,750
34,233,800
758,233,850
757,233,900
429,51,500
761,51,550
60,51,600
760,51,650
759,51,700
34,51,750
758,51,800
757,51,850
429,788,450
761,788,500
60,788,550
760,788,600
759,788,650
34,788,700
758,788,750
757,788,800
429,54,400
761,54,450
60,54,500
760,54,550
759,54,600
34,54,650
758,54,700
757,54,750
429,765,350
761,765,400
60,765,450
760,765,500
759,765,550
34,765,600
758,765,650
757,765,700
429,515,300
761,515,350
60,515,400
760,515,450
759,515,500
34,515,550
758,515,600
757,515,650
429,592,250
761,592,300
60,592,350
760,592,400
759,592,450
34,592,500
758,592,550
757,592,600
429,764,200
761,764,250
60,764,300
760,764,350
759,764,400
34,764,450
758,764,500
757,764,550
429,786,150
761,786,200
60,786,250
760,786,300
759,786,350
34,786,400
758,786,450
757,786,500
429,239,100
761,239,150
60,239,200
760,239,250
759,239,300
34,239,350
758,239,400
757,239,450
429,72,50
761,72,100
60,72,150
760,72,200
759,72,250
34,72,300
758,72,350
757,72,400
581,1,200
8,1,650
19,1,700
20,1,750
21,1,800
581,757,150
8,757,600
19,757,650
20,757,700
21,757,750
581,758,100
8,758,550
19,758,600
20,758,650
21,758,700
581,759,50
8,759,500
19,759,550
20,759,600
21,759,650
581,581,0
226,581,50
762,581,100
102,581,150
242,581,200
76,581,250
5,581,300
4,581,350
35,581,400
8,581,450
19,581,500
20,581,550
21,581,600
775,1,600
775,757,550
775,758,500
775,34,450
775,759,400
775,760,350
775,774,300
775,60,250
775,761,200
775,429,150
775,767,100
775,763,50
775,775,0
112,775,50
779,779,0
780,779,50
774,779,100
760,779,150
782,779,200
759,779,250
34,779,300
781,779,350
758,779,400
757,779,450
1,779,500
780,780,0
774,780,50
760,780,100
782,780,150
759,780,200
34,780,250
781,780,300
758,780,350
757,780,400
1,780,450
782,774,100
781,774,250
782,760,50
781,760,200
782,782,0
759,782,50
34,782,100
781,782,150
758,782,200
757,782,250
1,782,300
781,759,100
781,34,50
781,781,0
758,781,50
757,781,100
1,781,150
789,789,0
790,789,50
356,789,100
791,789,150
792,789,200
793,789,250
794,789,300
59,789,350
795,789,400
580,789,450
796,789,500
767,789,550
777,789,600
763,789,650
775,789,700
776,789,750
112,789,800
1007,789,850
869,789,900
868,789,950
1008,789,1000
113,789,1050
790,790,0
356,790,50
791,790,100
792,790,150
793,790,200
794,790,250
59,790,300
795,790,350
580,790,400
796,790,450
767,790,500
777,790,550
763,790,600
775,790,650
776,790,700
112,790,750
1007,790,800
869,790,850
868,790,900
1008,790,950
113,790,1000
356,356,0
791,356,50
792,356,100
793,356,150
794,356,200
59,356,250
795,356,300
580,356,350
796,356,400
767,356,450
777,356,500
763,356,550
775,356,600
776,356,650
112,356,700
1007,356,750
869,356,800
868,356,850
1008,356,900
113,356,950
791,791,0
792,791,50
793,791,100
794,791,150
59,791,200
795,791,250
580,791,300
796,791,350
767,791,400
777,791,450
763,791,500
775,791,550
776,791,600
112,791,650
1007,791,700
869,791,750
868,791,800
1008,791,850
113,791,900
792,792,0
793,792,50
794,792,100
59,792,150
795,792,200
580,792,250
796,792,300
767,792,350
777,792,400
763,792,450
775,792,500
776,792,550
112,792,600
1007,792,650
869,792,700
868,792,750
1008,792,800
113,792,850
793,793,0
794,793,50
59,793,100
795,793,150
580,793,200
796,793,250
767,793,300
777,793,350
763,793,400
775,793,450
776,793,500
112,793,550
1007,793,600
869,793,650
868,793,700
1008,793,750
113,793,800
794,794,0
59,794,50
795,794,100
580,794,150
796,794,200
767,794,250
777,794,300
763,794,350
775,794,400
776,794,450
112,794,500
1007,794,550
869,794,600
868,794,650
1008,794,700
113,794,750
59,59,0
795,59,50
580,59,100
796,59,150
767,59,200
777,59,250
763,59,300
775,59,350
776,59,400
112,59,450
1007,59,500
869,59,550
868,59,600
1008,59,650
113,59,700
795,795,0
580,795,50
796,795,100
767,795,150
777,795,200
763,795,250
775,795,300
776,795,350
112,795,400
1007,795,450
869,795,500
868,795,550
1008,795,600
113,795,650
580,580,0
796,580,50
767,580,100
777,580,150
763,580,200
775,580,250
776,580,300
112,580,350
1007,580,400
869,580,450
868,580,500
1008,580,550
113,580,600
796,796,0
767,796,50
777,796,100
763,796,150
775,796,200
776,796,250
112,796,300
1007,796,350
869,796,400
868,796,450
1008,796,500
113,796,550
777,767,50
1007,767,300
869,767,350
868,767,400
1008,767,450
113,767,500
775,777,100
776,777,150
1007,777,250
869,777,300
868,777,350
1008,777,400
113,777,450
1007,763,200
869,763,250
868,763,300
1008,763,350
113,763,400
776,775,50
1007,775,150
869,775,200
868,775,250
1008,775,300
113,775,350
1007,776,100
869,776,150
868,776,200
1008,776,250
113,776,300
1007,112,50
869,112,100
868,112,150
1008,112,200
113,112,250
1007,1007,0
869,1007,50
868,1007,100
1008,1007,150
113,1007,200
869,869,0
868,869,50
1008,869,100
113,869,150
868,868,0
1008,868,50
113,868,100
1008,1008,0
113,1008,50
113,113,0
802,802,0
803,802,50
268,802,100
310,802,150
804,802,200
805,802,250
568,802,300
806,802,350
544,802,400
807,802,450
785,802,500
38,802,550
37,802,600
39,802,650
787,802,700
764,802,750
239,802,800
72,802,850
112,802,900
803,803,0
268,803,50
310,803,100
804,803,150
805,803,200
568,803,250
806,803,300
544,803,350
807,803,400
785,803,450
38,803,500
37,803,550
39,803,600
787,803,650
764,803,700
239,803,750
72,803,800
112,803,850
268,268,0
310,268,50
804,268,100
805,268,150
568,268,200
806,268,250
544,268,300
807,268,350
785,268,400
38,268,450
37,268,500
39,268,550
787,268,600
764,268,650
239,268,700
72,268,750
112,268,800
310,310,0
804,310,50
805,310,100
568,310,150
806,310,200
544,310,250
807,310,300
785,310,350
38,310,400
37,310,450
39,310,500
787,310,550
764,310,600
239,310,650
72,310,700
112,310,750
804,804,0
805,804,50
568,804,100
806,804,150
544,804,200
807,804,250
785,804,300
38,804,350
37,804,400
39,804,450
787,804,500
764,804,550
239,804,600
72,804,650
112,804,700
805,805,0
568,805,50
806,805,100
544,805,150
807,805,200
785,805,250
38,805,300
37,805,350
39,805,400
787,805,450
764,805,500
239,805,550
72,805,600
112,805,650
568,568,0
806,568,50
544,568,100
807,568,150
785,568,200
38,568,250
37,568,300
39,568,350
787,568,400
764,568,450
239,568,500
72,568,550
112,568,600
806,806,0
544,806,50
807,806,100
785,806,150
38,806,200
37,806,250
39,806,300
787,806,350
764,806,400
239,806,450
72,806,500
112,806,550
544,544,0
807,544,50
785,544,100
38,544,150
37,544,200
39,544,250
787,544,300
764,544,350
239,544,400
72,544,450
112,544,500
807,807,0
785,807,50
38,807,100
37,807,150
39,807,200
787,807,250
764,807,300
239,807,350
72,807,400
112,807,450